WordCount
测试1：20MB文本
wordcount（使用任务管理器粗略观察）:
使用goroutine后，即使numDigesters=1的情况下，速度也有提升(2.75s)。在numDigesters=10的情况下速度还是(2.75s)。内存在numDigesters=10比numDigesters=1消耗地更多，resultSize得变化几乎无影响。

测试2：文本：285MB 390个
C# Parallel.ForEach
start:1.8GB end:3.3GB 1.5GB
34.091s
C# foreach
start:1.7GB end:3.3GB 1.6GB
33.333s
C#感觉受制于框架的内存分配 不会爆
Go
start:2.0GB end:2.16GB 0.16GB
27.7335863s
go的内存使用简直黑科技啊，不过想想使用chan通信也能理解。后面修改resultSize=100后内存使用增加到0.5GB，速度提升3s。修改numDigesters=10后内存略微上涨，速度提升1s。

Shuffle
使用渔夫洗牌技术(Fisher-Yates-shuffle)结果比较随机
重复洗牌1000000次，统计每种牌出现在各位置的次数
♦8		->18475	18771	18423	18734	18066	18811	18969	18157	18841	18107	19180	18522	18214	18485	18129	18609	18318	18721	18402	18223	18366	18771	18820	18391	18466	18937	18466	18473	18811	18350	18273	18690	18680	18767	18818	18061	18618	18662	19035	18387	18593	18232	18595	18214	18293	18201	18643	18803	18015	18502	18156	18547	18595	18612
♦5		->18971	18119	18732	18856	18924	18674	18995	18490	18787	18690	18179	18917	18391	18888	18340	18412	18726	18562	18583	18241	18413	18323	18178	18485	18225	18488	18309	18769	18697	18502	18569	18738	18151	18800	18577	17811	18590	18393	18635	18702	18744	18701	18858	18117	18185	18558	18149	18236	18506	18050	18685	17848	18578	18953
♠10		->18722	18633	18670	18349	18565	18739	18156	18726	18659	18621	18648	18463	18546	17983	18320	18223	18561	18998	18170	18143	18426	18701	18726	18225	18694	18871	18641	18660	17830	18739	18570	18816	18619	18586	18449	18948	18427	18800	18662	18728	18849	18447	18432	18148	18339	18621	18282	18584	18465	18443	18333	17761	18622	18661
♥J		->18735	18390	18016	18475	18266	18794	18748	18674	18322	18462	18752	18720	19037	18888	18746	18483	18094	18373	18935	18233	18267	17969	18561	18321	18377	18705	19055	18749	18470	18778	18367	18563	18117	18274	18221	18648	18627	18540	17821	18938	17963	19264	18475	18210	18430	18711	18461	18744	18730	18657	18414	18455	18717	18258
♥2		->18443	18709	18641	18196	18395	18511	18813	19059	18360	18443	18640	18209	18678	18226	18215	18402	18424	18067	18605	18334	18838	18758	18860	18377	19221	18911	18664	18783	18091	18140	18291	18059	18492	18546	18688	18436	18638	18397	18753	18758	18205	18414	18754	18121	19198	18756	18135	18692	18600	18733	18821	18361	18053	18086
♣2		->18670	18050	18247	18807	18549	18377	18462	18473	18581	18560	18302	18549	18206	18999	18776	18432	18474	18868	18785	18760	19167	18388	18081	18799	18296	18339	18493	18352	18622	18715	18408	18302	18527	18520	18531	18006	18985	18438	18144	18853	18455	18403	18216	18427	18600	18476	18421	18798	18089	18368	18863	18810	18625	18556
♦9		->19025	18842	18328	19418	18326	18696	18989	18882	18514	18720	18381	18793	18669	18311	18528	18369	18556	18630	18532	18538	18308	18105	18374	18493	18678	18659	18570	18445	18528	18569	18062	18377	18637	18540	18435	18121	18539	18257	18234	18881	18566	18437	18604	18473	18368	18804	18475	18129	18442	18490	18169	18628	18201	18355
♠6		->18993	19154	18147	18631	18417	18311	18046	18817	18496	18577	17904	18924	18187	18087	18377	18757	19018	18715	18662	18265	18641	19086	18584	18629	18433	18545	18487	18253	18169	18377	18228	18258	18691	18191	18043	18906	18337	19104	18878	18761	18465	18374	18938	18696	18826	18648	18481	18398	18481	18131	18462	18287	18350	18377
joker	->18289	18821	18608	18222	17941	18700	18414	18608	18732	18716	18408	18427	17877	18703	19039	18760	18728	18464	18503	18927	18157	18227	18025	18930	19060	18645	18325	18223	18314	18629	18498	18337	18845	18286	18289	18409	18954	18187	18818	18636	18698	18147	18692	18417	18152	18575	18885	18408	18958	18962	18460	18208	18468	18289
♣4		->18645	18852	18684	18303	18268	18886	18351	18737	18572	18677	18491	18022	18861	18546	18661	18598	18377	18271	18693	18429	18676	18738	18292	17933	18476	18776	18630	18211	18594	18481	18698	18552	18110	18166	18706	18626	18303	18557	18714	18302	18790	18282	18507	18526	18999	18119	18639	18727	18536	18677	18402	18952	18152	18227
♦K		->18329	18508	18250	18302	18425	18861	18536	18323	18854	18271	18522	18755	18459	17839	18227	18586	17932	18361	18857	18221	19067	18745	18490	18793	18433	18634	18911	18410	18393	18287	18099	19140	18950	18710	18715	18711	18543	18169	18478	18434	18607	18794	18334	18175	18862	18732	18550	18114	18877	18486	18440	18333	18908	18258
♠Q		->18154	18062	18777	18405	18319	18265	18421	18284	18181	18570	18258	18529	18474	19107	18132	18257	18637	18299	18624	18684	18125	18837	18588	18357	18289	18027	18944	18730	18495	18835	18808	18089	18840	18720	18845	18628	18624	18717	18228	19229	18786	18725	18488	18343	18322	18746	18307	18945	18643	18537	18070	18495	18569	18630
♥3		->18163	18354	18932	18877	18444	18181	18722	17888	18423	18046	18417	18780	18192	18921	18609	18594	18726	18210	18985	18181	18453	18407	18884	18525	18709	18772	18398	18443	18611	18460	18866	18547	18317	18420	18926	18366	18168	18562	18463	17887	18566	18726	18364	18373	18476	18544	18488	18982	18536	18298	18654	19197	18333	18634
♠8		->18621	18689	18616	18365	18846	18643	18340	18733	18667	18540	18699	18586	18661	18470	18939	18167	18605	18312	18905	18688	18728	17815	18379	18184	18378	18448	18475	18524	18685	18733	18482	18534	18530	18320	18324	18727	19115	19055	18223	18985	18049	18306	18302	18100	18341	18300	18251	18796	18207	18263	18581	18953	18682	18133
♥9		->17752	18688	18563	18208	18390	18649	18686	18159	18502	18986	18598	18498	18378	18311	18743	18608	18682	18516	18506	18760	18542	18511	18423	18143	18611	18399	18364	18652	19351	18330	18912	18666	18451	18308	18046	19288	18791	18587	18583	18330	18823	18399	18279	18638	18801	18648	18706	18196	18482	18207	18499	18536	17924	18391
♥8		->18131	18820	17884	18601	18462	18281	18367	18070	18173	18405	18677	18753	18678	19097	18809	18424	18620	18269	19003	18308	18722	18217	18113	18503	18931	18607	18346	18691	18383	18497	18576	18672	18734	17759	18664	18668	18810	18332	18756	18246	18459	18470	18267	19150	18541	18597	18640	18342	18677	18710	18479	18487	18504	18618
♠4		->18608	18139	18318	18267	18342	18683	19137	19046	17780	18144	18904	18514	18326	18595	18862	18598	18983	18341	18392	18294	18199	18474	18895	18980	18353	18049	18397	18626	18362	18457	18760	18648	18290	18265	18552	18257	18921	18961	18805	18736	18356	18706	18032	18289	18573	18153	19464	18742	18774	18613	18497	18157	18343	18041
♥A		->18765	18576	18619	18455	18750	18596	18873	18327	18516	18592	18842	18543	18443	17901	18268	18649	18542	18741	18487	18342	18583	18552	18543	18286	18173	18967	18326	18835	18183	18740	18331	18488	18306	18024	18430	18412	18643	18696	18103	18472	18450	18991	18501	18756	18338	18484	18526	18353	18492	18465	18853	18394	18660	18817
♥4		->18603	18759	18485	18517	18725	18689	18368	18537	18484	18755	18338	18456	18653	19011	18383	17956	18362	19043	18670	18341	18782	18544	18524	18197	18652	18210	18348	18250	18380	18048	17925	18494	18554	18622	18815	18374	18883	18093	18739	18584	18586	18551	18485	18703	18371	18715	18271	18516	18702	18767	18695	18488	18812	18185
♥K		->18346	18527	18474	18519	18788	18460	18840	18559	18420	18483	18424	18165	18509	18255	18582	18618	18451	18731	18869	18825	18426	18470	18440	18487	18535	17950	18489	18741	18224	18536	18280	18504	18767	18347	19105	18720	18033	18519	19075	18773	18193	18530	18717	18556	18053	18560	18340	18567	18720	18701	18643	18518	18134	18502
JOKER	->19035	18430	18508	18423	18849	18531	18431	18112	18571	18643	18234	18326	18953	18123	18502	18897	17812	18085	18209	18737	18600	17746	18754	18383	18462	18627	18547	19341	19226	18388	18615	18397	18519	18700	18483	18718	18649	18163	18383	18426	18906	18246	18721	18516	18248	18358	18562	18384	18683	18239	18884	18638	18604	18473
♣9		->18241	19470	18660	18736	18348	18385	18431	18712	18345	18508	18289	18383	18496	18152	19360	18489	18753	18565	18762	18580	18778	18353	18211	18712	18755	18321	18689	18378	18132	18079	18612	18759	18660	18656	18228	18550	18042	18016	18410	18594	18648	18442	18588	18526	19212	18261	18712	18330	18332	18443	18692	18504	18333	18377
♣10		->18280	18641	18509	18064	18636	19059	18521	18563	18292	18579	18448	18019	18324	18912	18415	18833	18501	18890	18651	18833	18453	18625	18579	17705	18462	18772	18602	18377	18317	18782	18199	18791	18660	18598	17932	18512	18629	18862	18925	18610	18328	18561	18393	17989	17869	18769	18739	18929	18774	18701	18414	18306	18240	18626
♣5		->18407	18078	19026	18238	19162	18705	18669	19084	18664	18599	18332	18396	18340	18570	18880	18889	18022	18736	18471	18554	18005	18501	18473	19221	18539	18292	18363	18085	18585	18316	18370	18121	18278	18906	18547	18467	18560	18261	18222	18655	18270	18273	18791	18768	18152	18598	18645	18940	18551	18189	19135	18566	17927	18606
♥6		->18492	18402	18503	18507	18502	18430	18289	18911	18355	18557	18627	19065	18381	18320	18715	18866	18076	18173	18668	18773	18452	18415	18773	18301	17841	18508	18840	18440	18537	18675	18377	17976	18208	18976	18290	18554	18248	18647	19025	18538	18917	18775	18221	18119	18498	18430	18199	18604	18724	18560	18556	18786	18845	18533
♥7		->18521	18341	18577	18573	18613	18461	18603	18289	18628	18322	18763	18634	18861	18442	18489	17829	18740	17992	18482	18759	18851	18769	18339	18599	18608	18469	18370	18393	18805	18576	18692	18700	18859	18904	18523	18745	18248	18658	18474	17894	18577	18761	18597	18174	17736	18224	18290	18575	18303	18719	18665	18812	18317	18855
♥5		->18420	18451	18553	18524	18750	18712	18766	18645	18584	18336	18720	18629	18487	18521	18279	18363	19071	18619	18618	18311	18245	18523	18757	18938	18576	18611	18706	18255	18603	18740	18430	18261	18472	18486	18149	18604	18636	18678	18241	18372	18805	18406	18457	18728	18806	18360	19018	18129	18584	18457	17891	18250	18110	18357
♠A		->18092	18827	18399	18697	18027	18826	18496	18211	18601	18669	18958	18439	18508	18822	18334	18545	18140	18742	18048	18130	18843	18544	18331	18576	18082	18682	18561	18455	18483	18798	18583	18097	18286	18907	18489	18392	18416	18279	17891	18312	18605	18574	18282	18831	19513	18853	18744	18643	18381	18924	18309	18339	19057	18427
♣7		->18523	18425	18193	18501	18376	18210	18403	18464	18080	18478	18732	18377	18922	18868	18024	18373	18457	18486	18420	18664	19003	18196	18248	18148	19079	18588	18737	18815	18676	18378	18319	18896	18676	18707	18334	18633	19019	18336	18406	18461	18209	18079	18684	18873	19423	18860	18689	18250	18129	18008	18249	18298	19018	18600
♣K		->18319	18511	18503	18865	18744	18507	18022	18451	18687	18199	18227	18353	18669	18362	17979	18440	18810	17958	18183	18751	18443	18725	18196	18786	18196	18060	18378	18478	19114	18775	19247	18283	19090	18136	18251	18682	18337	18854	18783	18659	18557	18194	18863	18298	18298	18699	18614	18318	18824	18963	18653	18650	18626	18430
♠2		->18564	18388	18224	18592	19087	17940	18261	18692	18367	18294	18317	18489	18912	18298	19179	18432	18514	19075	18469	18693	18961	18879	18052	18370	18450	18269	18701	18938	18378	18534	18628	18640	18806	18897	18367	18288	18425	18284	18750	18203	18592	18126	18445	18833	18544	18421	18240	18179	18355	18430	18435	18709	18419	18665
♦2		->18047	18201	18614	18531	18424	18614	18735	18937	18239	18180	18308	18412	18535	18569	17936	17998	19202	18803	18714	18985	18365	18571	18993	19397	18055	18218	18445	19046	19045	18753	18413	18626	18433	18450	18683	18751	18737	17679	18540	18669	18121	18129	18327	18690	18917	18215	18491	18353	18557	18227	18790	18200	18484	18646
♣A		->18778	18517	18225	18108	18596	18396	18544	18374	18101	18591	18399	18693	18326	18309	18734	18497	18698	18767	18697	18721	18364	18528	18742	18669	18603	18389	17922	18388	18711	18702	18567	18545	19154	18670	18565	18095	18116	18640	18175	18086	18454	18767	18838	18619	18377	18575	18861	18511	18247	18270	18723	18903	18698	18455
♦Q		->18904	18449	18509	18685	18542	18147	18524	18215	18701	18550	18883	18191	18785	18500	18411	18308	18819	18364	18372	18615	18132	18774	18445	18419	18530	18552	18547	18751	18418	18463	18373	18513	18558	18924	18726	18373	17803	18498	18169	18633	18852	18507	18823	18837	18740	18776	18320	18148	18343	18535	18264	18713	18239	18828
♦4		->18726	18362	18321	18214	18227	18561	18563	18605	18937	18750	18573	18262	18626	18754	18298	18426	18398	18318	18557	18730	18333	18749	18597	18284	18235	18665	18077	18519	18727	18150	19041	18583	18299	18707	18189	18508	18172	18421	19073	18690	18529	18463	18628	19043	18692	18400	18658	18913	18553	18483	18503	18240	18179	18489
♦J		->18373	18332	18188	18969	18349	18092	18009	18834	18665	18891	18297	18753	18397	18575	18684	18348	18525	18567	18343	18356	18307	18719	18543	18542	18609	18404	18777	18257	18623	18163	18932	18525	18868	18388	18117	18742	18491	18583	18863	18842	18867	18121	18331	18522	18335	18333	18875	18903	18472	19069	18252	17831	18568	18679
♦10		->18443	18732	18554	18368	18988	18452	18813	18436	19129	18759	17895	18481	18423	18335	18648	18292	18200	18804	18189	18403	18717	18523	18712	18094	18350	18640	18379	18261	18356	18220	18406	18482	18499	18483	18802	18637	18805	18457	18465	18154	18130	18252	18590	18711	18512	18598	18548	18599	18295	19278	18422	18738	19211	18330
♥10		->18561	17946	18322	18910	18537	18557	18572	18457	18131	18280	18411	18304	18445	18474	18699	18303	19092	17920	18200	18586	18979	18513	18380	18582	18314	18246	18888	18241	18923	18644	18464	18667	18399	18556	18949	18234	18423	18682	18373	18361	18367	19349	18538	18749	18619	18364	18957	18418	18676	18652	18665	18202	18412	18507
♣6		->18569	18606	18755	18054	18257	18365	18468	18722	18706	18331	18688	18557	18743	18331	18210	18965	18584	18188	18318	18478	18074	18959	19050	18944	18681	18833	18603	18666	18409	18404	18621	18688	18276	18498	18764	18660	18084	18452	18122	19019	18199	18440	18538	18499	18411	19029	18058	18585	18673	18307	18417	18313	18532	18297
♠J		->18704	18114	18194	18195	18589	18416	18488	18883	18574	18425	18577	18440	19032	18582	18847	18281	18175	18563	18481	18721	18598	18230	18694	18524	19004	18795	18161	18202	18571	18210	18704	18562	18497	18503	18943	18803	18710	17866	18566	18956	18628	18404	18331	19006	18651	18506	17843	18791	18186	18114	18036	19248	18388	18488
♠7		->18440	18199	18846	18307	18964	18285	18534	18402	18774	18844	18679	18535	18740	18654	18235	18251	18130	18282	18271	18422	18316	18495	17921	18755	18584	18462	18399	19328	18456	18873	18468	18675	18223	18600	18767	18546	18204	18739	18255	18191	18387	19112	18299	18134	18448	18750	18308	18450	18859	18516	18323	18677	19439	18247
♠K		->18669	18184	18897	18728	19175	18569	18431	18526	18861	18525	18605	18502	18488	18763	18711	18334	18058	18561	18526	17990	18552	18858	18827	18390	18174	18600	18401	18502	18429	18701	18166	18717	18204	18446	17954	18458	18297	18770	18757	18670	18467	18696	18359	18908	18693	18424	18517	18710	18302	18640	18352	17980	18229	18747
♦6		->18290	18275	18780	17949	18086	18680	18655	18590	19014	18814	17886	18700	18267	18612	18324	19028	18764	18542	18572	18152	18461	18787	18834	18691	18931	18508	18218	17942	18413	18629	19166	17999	18483	18258	18554	18338	18388	18606	18429	18224	18958	19030	18142	18844	18592	18617	18591	18247	18439	18337	18223	18695	18731	18715
♣Q		->18770	18729	18451	18277	18358	18420	18333	18608	18164	18531	18497	18645	18501	18423	18052	17967	18681	19027	18707	18265	18583	18566	18714	18222	18563	18818	18770	18538	18605	18631	18470	18203	17847	18511	18335	18728	18483	18791	18415	18208	18919	18569	18574	18861	18199	18566	18531	18501	18881	18243	18787	18402	18829	18731
♦7		->18661	18973	18527	18615	19097	18910	18419	18219	18005	18632	18860	18556	18135	18229	18855	18823	18401	18811	18286	18102	18511	18624	18128	18469	18546	18376	18580	18687	18002	18869	18397	18476	18538	18491	18716	18055	18575	18235	18493	18494	18749	18600	18534	18825	18384	18302	18617	18806	18518	18770	18072	18019	18881	18545
♣8		->18490	18552	18723	18570	19003	18435	18496	18334	18256	18903	18409	18502	17991	18334	18456	19306	18617	18621	18561	18664	18350	18195	18493	18367	18582	18507	18987	18333	18404	18413	18246	19032	18463	18115	18497	18313	18533	18249	18593	18910	18356	18460	18673	18437	18419	18517	18733	18704	18642	18124	18254	18841	18449	18586
♠9		->18515	18225	18750	18533	18443	18097	18183	18746	18177	18625	18158	18559	18622	18742	19098	18843	18538	18289	18406	18451	18644	18429	18525	18397	18508	18529	18468	18692	19047	18216	18958	18288	18558	18993	18478	18644	18104	18878	18173	18329	18414	18811	18699	18323	18153	18324	18581	18293	18528	18984	18547	18565	18458	18462
♠3		->18700	18537	18616	18597	18083	18593	18458	18434	18743	18564	18386	18822	18348	18989	18560	18648	18626	18293	18311	18604	17867	18647	18568	18480	18493	18383	18426	18899	18205	18725	18212	18790	18593	18517	18952	18533	18838	18632	18852	18365	18706	18042	18389	18191	18391	17906	18442	18511	18271	18728	18416	18751	18573	18794
♥Q		->18259	18355	18662	18849	18634	18251	18833	18145	19045	17970	18565	18532	18740	18675	18421	18416	18379	18224	18576	19104	18630	18298	19308	18751	18852	18315	18928	18109	18615	18412	18514	18395	18519	18514	18419	18755	18700	18556	18470	17959	18656	18525	18582	18403	18500	17926	18397	18317	18410	18084	19203	18264	18533	18546
♦3		->18847	18334	18753	19041	18331	18864	18515	18819	18702	17842	18700	18394	18728	18079	18440	18869	18431	18779	18199	18461	18775	18761	18396	18531	18332	18681	18359	18516	18633	18550	18888	18491	18625	18383	18300	18171	18191	18629	18802	18560	18230	18507	19030	18347	17955	18557	18477	17859	18291	18754	18370	18640	18469	18812
♦A		->18400	18833	19069	18585	18648	18318	18251	18209	18655	18597	18932	19004	18868	18570	18215	17962	18305	18333	18159	18432	18200	18495	18286	18390	18645	18460	18222	18334	18500	18634	18557	18597	18503	18783	18909	18749	18249	18535	18217	18495	18356	18703	18689	18468	18563	18399	18284	18742	18835	18835	18673	18910	18282	18156
♣J		->18649	18420	18326	18690	17893	18254	18726	18309	18541	18836	19003	18142	18152	18504	18301	18981	18927	18689	18754	18749	18330	18622	18104	18950	18326	18570	18701	18391	18039	18458	18217	18460	18523	18191	18919	18636	18855	18665	18587	18479	18591	18668	18439	18687	17986	18953	18576	18525	18521	18074	18573	18593	18287	18658
♠5		->18463	19174	18703	18884	18548	18386	17975	18093	18694	18389	18002	18453	18517	18503	18567	18877	18011	18927	18504	18826	18897	18069	18245	18489	18590	18502	18269	18504	18120	18631	18518	18703	18392	18341	18281	18363	18683	18807	18797	18217	18168	18190	18587	17821	19229	18550	18287	18234	18557	18873	18925	19244	18373	19048
♣3		->18408	18524	18146	18114	17926	18765	18350	18420	18148	18622	19076	18326	18299	18481	18457	18819	18727	18515	18148	18661	18495	18674	19002	18886	18453	18409	18341	18119	18700	18305	18627	18588	18424	18634	18409	18640	18801	18566	18157	18143	18279	18319	18178	18988	18867	18632	18482	18527	18372	18410	19151	18758	19030	18702
